20						
1	2.5	4.625				
2	4.5	5.925				
3	7.05	5.475				
4	5.45	3.325				
5	8.4	2.675				
6	9.8	4.475				
7	7.3	4.225				
8	6.2	1.625				
9	3.55	2.325				
10	1.85	3.125				
11	1.25	5.775				
12	3.25	6.975				
13	6.6	7.025				
14	9.7	5.925				
15	10.65	2.525				
16	9.4	1.125				
17	4	0.975				
18	2.05	1.925				
19	4.35	4.275				
20	6.8	2.925				
38						
1	11	2.8				
12	11	3.7				
1	12	4.0				
2	1	3.5				
2	12	2.7				
13	2	3.9				
3	13	1.9				
19	13	5.3				
19	1	2.4				
3	19	3.8				
7	3	1.5				
14	7	4.3				
6	14	2.0				
7	6	3.6				
6	5	3.3				
5	7	3.0				
20	7	1.8				
20	4	1.8				
4	7	3.2				
4	19	2.4				
10	1	2.4				
10	11	3.6				
9	10	3.0				
18	10	1.7				
9	18	2.2				
17	9	2.4				
17	18	2.7				
4	9	3.3				
8	20	1.7				
17	8	3.5				
8	4	2.4				
5	20	2.0				
16	5	2.4				
8	16	3.7				
15	6	3.4				
16	15	2.2				
14	13	5.0				
13	12	4.6				
19	16